0.660641551018 -0.750701487064
-0.915062248707 -0.403312593699
-0.0345601588488 0.99940264225
0.988987922668 -0.147996097803
-0.610274851322 0.792189717293
-0.954541742802 0.298077315092
0.431406021118 0.902157902718
0.994315505028 0.106473825872
0.204518511891 0.978862702847
-0.998784899712 -0.0492819808424
0.999502539635 0.0315384045243
0.437983989716 0.89898276329
-0.392166435719 0.919894278049
-0.151441529393 0.988466203213
-0.262218862772 0.965008437634
0.397183775902 0.917739093304
-0.235541120172 -0.971864402294
0.958455860615 -0.285240978003
0.987696945667 -0.156380191445
0.221436977386 0.975174665451
-0.981775224209 -0.190045922995
0.999113678932 -0.0420940108597
-0.192394912243 -0.981317579746
0.743536055088 0.668695867062
-0.164137989283 -0.986437380314
-0.179792612791 -0.983704507351
-0.999594390392 0.0284796897322
-0.844863951206 0.534981191158
0.55854678154 -0.829473018646
-0.919623196125 0.392801702023
0.997707307339 0.0676765814424
0.837021291256 -0.54717028141
0.785070300102 0.61940664053
-0.993658959866 -0.112436302006
-0.100351877511 -0.994952023029
0.857588946819 0.514335751534
-0.183628678322 -0.982995688915
-0.729013264179 -0.684499621391
0.9350476861 -0.354521930218
0.98810750246 -0.153764814138
0.450452506542 0.89280039072
-0.410559475422 -0.911833822727
-0.164069309831 -0.986448824406
0.692853331566 -0.721078574657
-0.985992968082 0.166786909103
0.758846342564 0.651269733906
0.998858690262 0.0477625951171
0.930356562138 -0.366656124592
0.483739882708 0.875211834908
0.51298815012 0.858395695686
0.980807542801 0.194978505373
0.558612704277 0.829428613186
0.648263812065 0.761415779591
0.449105978012 0.893478512764
0.364226043224 0.931310594082
0.828173816204 -0.56047129631
0.0272146984935 0.999629616737
0.385661840439 -0.92264020443
0.631354510784 -0.775494337082
0.705296456814 0.708912432194
-0.617991507053 -0.78618478775
0.197408542037 0.980321288109
-0.302558124065 -0.953130960464
0.976443707943 0.21577231586
-0.0304050501436 0.99953764677
0.958818495274 -0.284019559622
-0.980526328087 -0.196387648582
-0.997973620892 -0.063629373908
0.718709468842 0.695310533047
-0.57012450695 0.82155829668
0.764886677265 -0.644164860249
0.431205034256 0.902253985405
0.900896430016 -0.434034109116
-0.985006570816 -0.172516867518
0.998517155647 0.0544375106692
-0.642290234566 -0.766461551189
-0.886722683907 -0.462301760912
0.108985483646 -0.99404335022
0.213408619165 -0.976963043213
0.848084330559 0.529861211777
0.821786105633 -0.569796144962
0.879559934139 0.475788146257
0.315635949373 0.948880374432
0.986674845219 0.162704437971
0.407976925373 -0.912992238998
0.774462282658 0.632620096207
-0.848979055882 -0.528426527977
-0.915349423885 -0.402660369873
0.979590415955 -0.201004132628
0.858857929707 -0.512213945389
0.410571724176 0.911828279495
0.889956593513 -0.456045240164
0.00554375583306 0.999984622002
-0.914536952972 0.404502421618
0.431253671646 -0.902230739594
-0.928367376328 0.371663868427
0.188146695495 -0.982140958309
0.999770224094 -0.0214363057166
-0.998117029667 -0.0613381303847
0.836356282234 0.54818624258
0.497312098742 -0.86757171154
-0.290129393339 -0.956987440586
0.198563531041 -0.980087995529
0.434316545725 0.900760293007
0.505061089993 0.863083600998
0.555031120777 0.831829607487
-0.679471731186 -0.733701705933
-0.365212112665 0.930924355984
0.38295468688 0.923767149448
-0.307151257992 -0.951660692692
-0.679899632931 0.733305156231
0.997041463852 -0.0768658965826
0.998393952847 -0.0566530153155
0.505071043968 -0.863077759743
-0.993519067764 -0.113665759563
0.993610560894 -0.112863175571
0.185997590423 -0.9825502038
0.400999099016 -0.916078448296
-0.995022237301 0.0996531769633
0.847549676895 0.530716061592
0.0323098264635 0.999477922916
-0.990511000156 0.13743339479
-0.125825434923 0.99205237627
-0.817116558552 0.576472520828
0.948978304863 -0.315341353416
0.191575348377 0.981477916241
0.529175400734 0.848512470722
-0.496731966734 -0.867904007435
0.941910147667 -0.335864961147
0.446989476681 -0.894539237022
0.857664883137 -0.514209032059
-0.125400856137 0.99210613966
0.953978657722 0.299874484539
0.741626739502 -0.670812785625
-0.0829082354903 -0.996557176113
0.481974482536 -0.876185238361
-0.21672655642 -0.976232349873
-0.730979323387 0.682399630547
-0.98276501894 0.184859335423
-0.42025193572 -0.907407462597
-0.202774584293 0.979225456715
-0.426783323288 0.904353916645
-0.882031977177 0.471189498901
-0.209070637822 0.977900564671
0.99579012394 -0.0916626080871
0.980800151825 -0.195015400648
0.580879449844 -0.813989579678
-0.427029132843 0.904237866402
0.998909652233 0.0466847345233
0.444045990705 -0.896004021168
-0.56654304266 0.824032127857
-0.97019046545 -0.242343723774
-0.0558433644474 -0.9984395504
0.54243928194 0.840094983578
-0.934132635593 0.356926053762
0.502346396446 0.864666461945
0.903685748577 0.428196340799
-0.67740046978 0.735614418983
0.371356129646 0.928490519524
0.27652862668 -0.961005687714
0.0461085923016 -0.998936414719
0.451547116041 0.892247259617
0.800053775311 -0.59992825985
0.976038038731 0.217599987984
0.775605559349 -0.631217896938
0.9884313941 -0.151668727398
-0.521635353565 -0.853168547153
0.914399862289 0.404812157154
-0.18174263835 -0.983346104622
-0.463638305664 -0.886024534702
0.669524669647 -0.742789804935
0.844356238842 -0.535782158375
-0.936333596706 0.351111680269
0.448072135448 -0.893997371197
-0.900196433067 -0.435484051704
0.787128388882 0.616789162159
-0.972836852074 0.231491729617
-0.243662059307 0.969860196114
0.84953302145 0.527535498142
-0.988227188587 0.152993559837
-0.934134423733 -0.356921315193
0.00901258923113 -0.999959409237
-0.110297560692 0.993898630142
0.790559589863 0.61238515377
0.575121283531 0.818068146706
0.798704445362 0.60172355175
-0.693880975246 0.720089733601
-0.871631801128 0.490161180496
0.445745646954 -0.89515966177
0.221434473991 -0.975175261497
-0.161362677813 0.98689520359
0.161674231291 0.986844182014
-0.555405855179 -0.831579387188
0.603381872177 0.797452390194
0.244590193033 -0.969626545906
-0.807258665562 -0.59019780159
-0.72030711174 0.693655312061
-0.926654517651 -0.37591406703
0.84190762043 0.539621710777
0.268232494593 -0.963354229927
0.0938438847661 0.995586931705
-0.997463822365 -0.0711750388145
0.796777904034 0.604272246361
-0.958707630634 -0.284393548965
0.666785418987 -0.74524974823
0.7326567173 0.680598378181
0.987193286419 -0.159528777003
0.989160954952 0.146835118532
-0.669545531273 0.742771029472
0.970685780048 0.24035204947
-0.996298789978 -0.0859575048089
0.381059616804 -0.92455047369
-0.956865370274 -0.290531724691
0.866730630398 -0.498776495457
0.415662050247 0.909519135952
0.340515434742 -0.940238893032
0.655728816986 0.754996478558
-0.86060076952 0.509280204773
-0.902025222778 0.431683331728
-0.977872550488 -0.209201470017
-0.404087543488 0.91472029686
0.973519027233 -0.228605955839
-0.899686157703 -0.436537325382
0.991420507431 0.130711093545
-0.171454235911 -0.985192060471
0.452724277973 0.891650557518
0.423149257898 -0.906059980392
-0.958251357079 -0.285927146673
0.0858959108591 -0.996304094791
0.924480974674 0.38122817874
0.210318952799 -0.977632820606
0.30810675025 0.951351761818
0.899210810661 -0.437515616417
0.269867628813 0.96289741993
-0.608503222466 0.793551385403
-0.980120539665 -0.198403075337
0.995660543442 0.0930598601699
-0.343067407608 0.939310789108
0.687057077885 -0.726603448391
0.791057229042 0.611742198467
0.960661113262 0.27772334218
0.0771484822035 -0.997019588947
0.524932801723 -0.851143658161
0.0758224800229 -0.997121334076
-0.871512293816 -0.490373700857
0.735296487808 0.677745640278
-0.996166348457 0.0874793604016
0.308904618025 0.951093018055
0.843520581722 -0.537096858025
0.751675784588 -0.659532785416
-0.94070661068 -0.339221268892
0.177266597748 -0.984162867069
-0.671943902969 -0.740602016449
0.966734528542 0.255781918764
0.742764413357 -0.669552862644
0.480799555779 0.876830518246
0.404349416494 -0.914604604244
-0.11260843277 -0.993639469147
-0.663091480732 -0.748538374901
-0.972180962563 -0.23423114419
0.993054807186 0.117652505636
0.670651972294 -0.741772115231
-0.890544712543 0.454895734787
-0.842916727066 0.538044035435
-0.880347728729 0.474328905344
-0.673273086548 0.739393889904
0.441474974155 0.897273540497
-0.492952078581 0.870056450367
0.300992459059 -0.953626513481
0.344407707453 -0.938820183277
-0.147956117988 0.988993942738
-0.511570930481 -0.859241068363
-0.0438116416335 0.999039828777
0.959485709667 0.281757295132
-0.954171538353 0.299260288477
-0.796665370464 -0.604420602322
-0.999322891235 -0.0367928817868
-0.203513666987 0.979072093964
0.938546001911 -0.345154106617
-0.700114965439 -0.714030146599
0.897845625877 -0.440310388803
-0.864657461643 -0.502361834049
-0.939051091671 -0.343777596951
0.883455872536 0.468514353037
0.639225006104 -0.769019782543
-0.784587144852 -0.620018541813
-0.10307662189 -0.99467343092
-0.984498977661 -0.175390377641
-0.455474227667 0.890248954296
-0.300094246864 -0.953909575939
0.381984502077 0.92416870594
0.798005759716 -0.60264980793
0.745845079422 -0.666119456291
0.999845445156 0.0175796803087
-0.347118914127 0.937821149826
0.96726089716 0.253783971071
-0.946182847023 0.323632568121
-0.901236593723 0.433327376842
-0.871671676636 0.490090310574
-0.464143097401 -0.885760247707
-0.704513072968 -0.709690988064
-0.0445070900023 -0.999009072781
0.939393758774 -0.342840224504
0.98388004303 0.178829699755
-0.614777326584 -0.788700699806
0.957175850868 -0.289507210255
-0.745106458664 -0.666945576668
-0.644797563553 -0.764353334904
0.958194553852 -0.286117434502
-0.642155110836 0.76657474041
0.0728980004787 0.997339427471
0.958589434624 -0.28479167819
-0.74291819334 0.669382214546
-0.993547797203 -0.113413959742
0.844039082527 -0.536281704903
-0.435027986765 0.900416910648
0.712267696857 0.701907873154
0.327993929386 0.9446798563
0.067158728838 0.997742295265
0.998437702656 -0.0558760501444
0.620032906532 -0.784575819969
0.117292463779 0.993097424507
0.549725472927 -0.835345387459
-0.88337546587 0.468665957451
0.889924168587 0.456108540297
0.0143713895231 -0.999896705151
-0.512445151806 0.858719944954
0.61909532547 0.785315871239
0.990994513035 0.133902415633
0.820985138416 -0.570949554443
0.787974119186 0.615708351135
0.376732379198 -0.926322162151
-0.48639985919 -0.873736321926
-0.809702754021 -0.586840212345
-0.729906916618 0.683546602726
0.880499482155 -0.474047124386
0.803338646889 -0.595522522926
-0.149222567677 0.988803625107
-0.999972879887 0.00736388051882
0.492818564177 -0.870132088661
-0.417306125164 0.908765971661
0.48826277256 -0.872696638107
0.503178358078 -0.864182591438
-0.694540977478 0.719453155994
0.232832759619 0.972516775131
0.048648416996 0.998815953732
-0.99662476778 -0.0820916816592
-0.467126101255 0.884190738201
-0.165788277984 -0.986161351204
-0.218301817775 0.975881278515
0.943477094173 -0.33143773675
-0.987873494625 -0.15526086092
-0.254213839769 -0.967148005962
0.974749147892 -0.223302707076
0.445114821196 0.895473480225
0.899797201157 0.436308383942
-0.513084053993 -0.858338356018
0.966731250286 0.255794197321
0.0475328378379 0.998869657516
-0.969408929348 -0.245451301336
-0.147861391306 -0.989008069038
0.899499952793 -0.436920791864
0.924515783787 0.38114374876
-0.982277929783 -0.18743018806
0.927624881268 0.373513191938
0.87691450119 -0.480646431446
0.51792550087 -0.855425715446
0.732863306999 0.680375933647
0.624372422695 -0.781126797199
-0.706479549408 0.70773345232
-0.812223792076 -0.583346009254
0.730055868626 0.683387458324
0.04339620471 -0.999057948589
0.989113211632 -0.147156625986
-0.538463771343 0.842648625374
0.993093729019 -0.117323704064
0.194974899292 -0.980808258057
-0.459099382162 -0.88838493824
0.866710364819 0.498811691999
-0.829873681068 0.557951271534
-0.10873850435 -0.994070410728
0.16899509728 0.985616862774
-0.757355332375 0.653002977371
-0.934198260307 0.356754332781
-0.813937485218 -0.580952465534
-0.992671191692 -0.120846621692
0.981141090393 0.193292930722
0.804365932941 -0.594134151936
-0.267082959414 -0.963673532009
0.888338446617 0.459189355373
0.972222268581 0.234059423208
-0.848620891571 0.52900147438
-0.0060501168482 0.999981701374
0.93727773428 0.348583459854
0.141380444169 -0.989955365658
-0.753185331821 0.657808363438
-0.497178167105 0.867648482323
-0.0510774664581 0.998694717884
-0.819971621037 -0.572404205799
-0.603319406509 0.797499656677
0.621138513088 -0.783700764179
-0.367511957884 0.930018782616
-0.893609941006 0.448844343424
0.980400204659 -0.197016209364
-0.940366864204 0.340162038803
0.595144629478 0.803618609905
-0.82108515501 -0.570805728436
0.998785257339 0.0492749214172
0.957313001156 0.289053350687
-0.995986640453 -0.0895021781325
-0.5929043293 -0.805272936821
0.0995484814048 0.995032727718
0.917822957039 0.396989911795
0.408205896616 -0.912889897823
0.988074600697 -0.153975903988
0.907008111477 -0.421113103628
-0.682963967323 -0.730452060699
0.164222732186 0.986423254013
0.389022260904 -0.921228349209
0.0893556550145 0.995999753475
0.707605600357 0.706607580185
0.115748561919 0.993278563023
-0.182878181338 -0.983135581017
0.610685110092 0.791873514652
0.456776887178 0.889581263065
-0.332977116108 0.942934930325
-0.999557077885 0.029760170728
0.269337594509 0.963045835495
0.772435605526 0.635093092918
-0.721962809563 0.691931903362
-0.999112188816 0.0421293526888
-0.973399996758 0.229112237692
-0.466907680035 0.884306073189
0.454524606466 0.890734195709
-0.888068079948 0.459711968899
0.394853532314 0.918744087219
0.871767282486 0.489920169115
-0.187742203474 0.982218325138
0.999865531921 0.0163993649185
-0.128727987409 0.99167996645
0.981346666813 -0.192246422172
0.861598134041 -0.507591068745
-0.249557867646 0.9683598876
0.99027633667 -0.139114066958
0.259444445372 -0.965758025646
0.573991298676 0.818861424923
0.565588116646 0.824687838554
0.501771271229 -0.865000367165
-0.989810109138 -0.142393454909
0.83064031601 0.556809365749
0.950262546539 0.31145003438
0.685990810394 0.727610230446
0.504811286926 -0.863229691982
0.373233795166 0.927737295628
0.0738287717104 0.997270941734
-0.882268369198 0.470746785402
0.999759674072 0.0219233371317
-0.929705202579 0.368304610252
-0.694525241852 -0.719468355179
0.5279494524 -0.849275767803
0.949355125427 0.314205139875
-0.269198387861 -0.963084757328
-0.444344162941 -0.895856142044
0.315810739994 -0.948822200298
-0.617605626583 -0.786487936974
-0.220183879137 -0.97545838356
0.583689630032 0.811976850033
0.99049782753 -0.137528240681
-0.612562060356 -0.79042249918
-0.600371599197 -0.799721181393
0.797845005989 0.602862656116
0.793944597244 -0.607990086079
0.46471875906 0.885458350182
-0.810219407082 0.586126685143
0.703858494759 0.710340261459
-0.522509336472 -0.852633595467
-0.251881420612 -0.967758119106
-0.476914048195 -0.878949940205
0.241694316268 -0.970352470875
-0.454649507999 -0.890670418739
0.871849477291 0.489773929119
0.912066161633 0.410043030977
0.384600281715 0.923083245754
0.986734330654 0.162343263626
0.70299333334 0.711196422577
-0.446676492691 0.894695520401
-0.360017001629 -0.932945728302
-0.939697086811 -0.34200784564
-0.964827239513 0.262884765863
-0.978156745434 -0.207868635654
-0.430472165346 0.90260386467
0.625016033649 0.780611932278
0.96163892746 0.274318277836
0.98271304369 0.185135141015
-0.646597385406 -0.762831449509
0.744426429272 -0.667704463005
0.161165058613 0.986927449703
0.430146366358 0.902759134769
-0.288749158382 -0.957404792309
-0.0844712182879 0.996425926685
