-0.84181112051 0.539772212505
0.999446630478 0.0332626178861
0.103571623564 0.994621992111
0.28723269701 -0.957860827446
-0.584258198738 -0.81156784296
0.116460755467 0.993195295334
-0.307158470154 0.951658368111
0.5178206563 -0.855489194393
0.67827630043 -0.734806954861
0.0343438349664 0.999410092831
0.42306008935 0.906101644039
0.999420762062 0.0340310335159
-0.68137383461 0.731935560703
0.42663398385 -0.904424369335
0.47929957509 -0.877651333809
-0.311905890703 0.950112998486
0.487121790648 0.873334050179
-0.988306999207 -0.152477249503
-0.0954384207726 -0.995435357094
-0.586924493313 -0.809641718864
-0.693237066269 0.720709681511
0.999932408333 -0.0116243762895
-0.933580577374 0.358367502689
0.296718418598 0.954964995384
0.914668381214 0.404205113649
-0.827328085899 0.561719059944
-0.933242440224 0.359247207642
0.0740988105536 -0.997250914574
0.730301439762 0.683125019073
-0.886975288391 -0.461816906929
0.44083109498 -0.897590100765
0.979370296001 0.202073901892
-0.606525957584 0.79506367445
0.640006840229 -0.76836925745
0.825540184975 0.564343333244
0.757312297821 -0.653052926064
0.957578003407 -0.288174182177
0.283693671227 0.958914935589
0.431052774191 -0.902326703072
-0.63234513998 0.774686813354
-0.311951577663 -0.950097978115
0.87357956171 0.486681312323
-0.614761531353 -0.788713037968
0.737658202648 0.675174355507
-0.76517790556 -0.64381891489
-0.431068599224 0.902319133282
-0.0812404751778 0.996694505215
0.0741967707872 -0.997243642807
-0.787788212299 -0.615946173668
0.847067475319 -0.531485319138
0.7780777812 0.62816798687
0.919921636581 -0.392102301121
0.989175736904 0.146735817194
0.972660243511 -0.232232630253
0.79590266943 0.605424582958
0.314291059971 -0.949326694012
-0.41246598959 0.910973012447
0.742718100548 -0.669604241848
0.350746154785 0.93647056818
0.882390022278 0.470518738031
0.0215589553118 0.99976760149
0.0415525101125 -0.999136328697
-0.670503079891 -0.741906762123
-0.336185067892 0.941795945168
0.650796473026 -0.759252250195
0.998769700527 0.0495897196233
-0.443804144859 -0.896123826504
-0.591439604759 -0.806349277496
0.987610816956 -0.15692320466
-0.880797982216 -0.473492234945
0.539082348347 0.842253029346
-0.802363693714 -0.596835434437
0.933714807034 -0.358017712831
0.99233853817 0.123548306525
0.984247207642 0.176797837019
0.857939183712 -0.513751327991
0.142733678222 -0.98976111412
0.205948784947 0.978562772274
-0.392634510994 0.919694602489
-0.374998897314 -0.927025258541
-0.99999576807 0.00291338353418
0.485443472862 0.874268054962
-0.998797118664 0.0490336716175
-0.76871329546 0.639593541622
0.257539659739 0.966267704964
0.989707887173 0.143102198839
0.526745378971 -0.850023090839
-0.998741209507 -0.0501594655216
0.792508482933 -0.609860897064
0.291898071766 0.956449449062
0.364295035601 -0.931283593178
-0.886092841625 -0.463507831097
0.0274687577039 0.999622642994
-0.900139212608 -0.43560230732
-0.180229768157 -0.983624517918
-0.391410410404 0.920216202736
0.69670945406 -0.717353463173
-0.130968406796 -0.991386532784
-0.421943873167 -0.906621932983
0.0270243287086 -0.999634802341
0.969306647778 -0.24585480988
0.37473616004 0.927131474018
0.84078347683 -0.541371583939
-0.980323255062 -0.197398856282
-0.987407267094 -0.158199071884
0.677549242973 -0.735477387905
-0.489107698202 -0.872223436832
-0.463939875364 0.885866701603
-0.0163081046194 0.999867022038
-0.234521865845 0.9721108675
0.0394489467144 0.999221563339
-0.361655831337 0.932311654091
-0.778064370155 0.628184556961
0.909491956234 0.41572150588
0.769846200943 -0.638229429722
0.998499631882 -0.0547581501305
0.741725564003 -0.670703470707
0.745958328247 0.665992617607
-0.867170155048 -0.498011946678
0.963251113892 0.268602520227
-0.99124109745 -0.132064923644
-0.267402291298 -0.963584959507
0.252184212208 0.967679262161
0.0554805994034 -0.998459756374
-0.996924638748 0.0783658698201
0.947790086269 0.318894982338
-0.0605324208736 0.998166203499
0.936879038811 0.349653661251
0.690972566605 0.722880959511
-0.939752519131 -0.341855496168
-0.685130298138 0.728420495987
-0.426612138748 0.904434680939
-0.962203979492 -0.272329717875
0.985097646713 -0.171996176243
0.184346273541 -0.982861340046
-0.70843321085 -0.70577788353
-0.646352171898 -0.7630392313
0.987315177917 0.158772736788
-0.84344625473 -0.537213504314
0.626620292664 -0.779324710369
0.678528487682 0.734574079514
-0.628356158733 0.777925789356
-0.156857430935 -0.987621247768
0.48489511013 -0.874572336674
0.315497130156 0.948926508427
-0.829513669014 0.558486402035
-0.170083254576 -0.985429704189
0.993924081326 0.110068008304
-0.339698404074 -0.940534412861
-0.65362483263 0.756818771362
0.946371376514 -0.323080867529
-0.0489295013249 0.998802244663
-0.0423458963633 0.999103009701
0.753547430038 -0.65739351511
-0.484150052071 0.87498497963
-0.16476495564 -0.986332833767
0.513798475266 0.85791093111
0.632094144821 0.774891614914
0.0959515422583 -0.995386004448
0.232966020703 -0.972484886646
0.981357216835 -0.192192599177
-0.98888617754 0.148674532771
0.933568000793 0.358400315046
-0.962239921093 0.272202670574
-0.705916643143 -0.708294928074
-0.354501128197 -0.935055613518
0.953131198883 0.302557319403
0.74397867918 0.668203353882
0.435438483953 -0.900218486786
-0.104313448071 0.994544446468
0.989039957523 0.147648140788
-0.915267407894 0.402846813202
-0.999843597412 -0.0176841020584
-0.681203007698 -0.732094526291
0.456211298704 -0.889871478081
-0.748831450939 0.662760436535
0.830790281296 0.556585609913
0.99549394846 0.0948252007365
0.708385407925 0.705825865269
-0.925503373146 -0.378739327192
0.240056470037 -0.970758914948
0.074171744287 0.997245490551
0.523932874203 0.851759552956
0.816778540611 0.576951265335
-0.637412786484 0.770522534847
-0.756360590458 0.654154956341
0.813173770905 -0.582020998001
0.113413415849 -0.993547856808
-0.601198732853 0.799099564552
-0.630676448345 -0.776045918465
0.910829603672 -0.412782520056
0.803614795208 0.595149815083
0.416999429464 0.908906757832
-0.557225823402 -0.830361008644
-0.508691012859 -0.860949158669
-0.750065565109 -0.661363482475
-0.722099423409 -0.691789269447
0.999566853046 0.0294306110591
-0.0112829636782 0.999936342239
0.397214412689 0.917725861073
-0.119468271732 -0.992838025093
0.362412750721 -0.932017683983
0.405488699675 -0.914100050926
-0.929790854454 -0.368088185787
-0.411459356546 0.91142809391
0.524784684181 0.851234972477
0.975894629955 -0.218242272735
0.637190580368 0.770706295967
0.69222587347 0.721680939198
-0.963638842106 0.267208099365
-0.0365924052894 -0.999330282211
-0.996758162975 -0.0804563090205
-0.0624907165766 -0.998045563698
-0.660067975521 0.751205861568
0.428290188313 -0.903641283512
0.726642489433 0.68701583147
-0.695165932178 0.718849301338
0.997432172298 0.071617692709
-0.0183354318142 0.999831914902
-0.10308663547 0.994672358036
0.764521062374 0.644598782063
-0.921154022217 0.389198303223
-0.959105551243 0.283048629761
-0.23505397141 0.971982300282
0.999979376793 0.00642434507608
-0.366803079844 0.930298626423
-0.338201850653 -0.941073596478
-0.939974963665 0.341243356466
-0.965850353241 -0.259100496769
0.991356253624 0.131197363138
0.58428144455 -0.811551094055
-0.79752612114 0.603284418583
-0.713603436947 0.700549900532
-0.368895590305 0.929470837116
-0.773252904415 -0.634097695351
0.948772370815 0.315960437059
-0.817172408104 -0.57639336586
0.579605221748 -0.814897418022
0.91815674305 0.396217375994
0.970434129238 0.241366103292
0.125098124146 0.992144346237
-0.816629290581 0.577162504196
-0.899749219418 -0.436407327652
-0.248306155205 -0.968681633472
0.702244222164 -0.711936116219
-0.84589189291 -0.533354401588
-0.814420044422 -0.580275774002
0.842590391636 -0.538554906845
0.320250123739 0.947333037853
-0.359750896692 0.9330483675
0.51816368103 -0.855281472206
0.946800589561 0.321820884943
-0.432404130697 -0.901679933071
-0.159934684634 -0.9871276021
-0.93935996294 0.342932790518
-0.876338064671 0.481696516275
0.983905136585 -0.178691446781
-0.722828328609 0.691027641296
0.333428800106 -0.942775309086
0.766235232353 -0.642560124397
-0.67268371582 0.739930152893
-0.267227232456 -0.963633537292
0.0343317389488 -0.999410510063
0.459396749735 -0.888231158257
0.992575109005 -0.121633261442
0.291689693928 -0.956512987614
-0.069848164916 0.997557640076
-0.217417299747 -0.976078748703
-0.873483121395 0.486854463816
-0.245519846678 -0.969391584396
0.514577686787 0.857443749905
-0.12617097795 0.992008507252
0.171064630151 0.985259830952
0.585544228554 -0.810640454292
-0.230132684112 0.973159253597
0.592287003994 0.80572706461
-0.122371666133 0.992484331131
-0.543428778648 -0.839455246925
-0.664150357246 -0.747599065304
0.80375701189 -0.594957709312
-0.362331420183 -0.932049334049
-0.857196033001 0.514990210533
0.656779050827 -0.754083096981
-0.886963784695 0.461838960648
-0.902436316013 -0.430823266506
0.99224627018 -0.12428753823
-0.994569182396 -0.10407743603
0.788166642189 0.615461945534
0.60270935297 -0.797960817814
0.379870682955 0.925039589405
-0.230002224445 -0.973190128803
-0.477522492409 -0.878619551659
-0.905803442001 0.423698216677
0.886098921299 -0.463496208191
0.534944117069 0.844887435436
0.948426187038 0.316998034716
-0.58807605505 0.808805644512
0.774087369442 0.633078753948
-0.53681153059 0.843702197075
0.137143954635 -0.990551114082
-0.901136755943 0.433534950018
-0.998912751675 -0.0466190502048
-0.284956365824 -0.95854049921
0.580367386341 -0.814354777336
-0.573012292385 0.819546759129
-0.466653466225 -0.884440243244
-0.976240813732 -0.216688483953
0.252640008926 -0.967560350895
-0.98058795929 0.196079581976
-0.946410834789 0.322965204716
0.824525594711 -0.565824687481
0.929990828037 0.367582708597
0.273852854967 0.961771607399
0.780274510384 0.625437200069
0.343754023314 -0.939059734344
-0.0613511763513 0.998116254807
0.0331393703818 -0.999450743198
-0.673287570477 -0.739380717278
0.754233181477 0.656606674194
-0.821749746799 0.56984847784
-0.84035629034 0.542034387589
-0.755326867104 -0.655348241329
-0.999646544456 0.0265859346837
0.53907006979 -0.842260956764
-0.964943349361 0.262458264828
0.996527075768 -0.0832692161202
0.173044219613 -0.984914064407
0.363045543432 -0.931771397591
0.842390298843 -0.538867890835
0.721618771553 0.692290663719
-0.932018041611 -0.362411946058
0.706806659698 0.707406759262
0.605929493904 -0.79551833868
0.326021254063 -0.945362448692
0.942832350731 0.333267390728
0.183317512274 0.983053743839
-0.502175748348 0.864765584469
-0.17474399507 0.984613895416
0.0324332602322 0.999473929405
-0.81112831831 -0.584868192673
0.998977303505 0.0452140085399
0.688738405704 -0.725009918213
-0.906338274479 0.422552853823
0.24115383625 -0.970486879349
-0.24835281074 -0.968669652939
-0.747658491135 -0.66408342123
0.472942024469 0.881093561649
0.969063341618 0.246812045574
-0.199301332235 0.979938268661
0.998370289803 -0.0570681467652
-0.934924900532 0.354845702648
-0.5811226964 0.813815951347
-0.578246355057 -0.815862238407
0.745793700218 0.666176974773
-0.980499565601 -0.196521356702
0.627089142799 -0.778947472572
0.0769368708134 0.997035980225
-0.318075597286 -0.948065340519
0.633687913418 -0.773588776588
-0.467975229025 0.883741557598
0.481853485107 0.87625181675
-0.731841087341 -0.68147534132
-0.85615581274 0.516717731953
0.4881503582 0.872759521008
-0.221757143736 -0.975101947784
-0.22678886354 0.973943948746
0.960331618786 -0.278860539198
-0.988040804863 0.154192477465
-0.969065546989 -0.246803373098
0.247773557901 -0.968817949295
-0.994767427444 0.102165617049
-0.819475352764 -0.573114454746
0.580091178417 0.814551532269
-0.958280265331 0.285830318928
-0.187840387225 -0.982199549675
0.916881918907 0.399158537388
0.804197907448 -0.59436160326
-0.828672468662 -0.559733808041
-0.998273789883 -0.05873144418
0.832344174385 0.554259121418
-0.942481219769 0.33425912261
0.506880164146 0.862016558647
0.674988567829 0.737828195095
-0.962809383869 0.270181626081
-0.999947845936 -0.0102123310789
-0.999988734722 -0.00474984431639
-0.979603171349 0.200941860676
-0.189893737435 0.981804668903
0.796186864376 -0.605050802231
-0.947533845901 -0.319655478001
0.586680829525 -0.809818267822
0.513668060303 0.857989013195
0.34925442934 -0.937027931213
0.59051066637 -0.80702984333
0.150377899408 0.988628566265
0.822525620461 0.568728029728
0.96760904789 0.252453386784
0.91691839695 -0.399074733257
0.925954937935 -0.377633988857
0.498526185751 -0.86687463522
0.432316869497 -0.901721775532
0.734701752663 0.678390204906
0.982177615166 0.187955036759
0.0495917089283 -0.998769581318
-0.894000947475 0.448065012693
-0.351152896881 0.936318159103
-0.999453246593 0.0330634973943
0.0408845506608 -0.999163866043
-0.725527703762 0.6881929636
0.997519910336 0.0703851804137
-0.269807547331 0.962914288044
-0.37084633112 0.928694248199
-0.696308732033 -0.71774238348
0.597959220409 -0.801526486874
-0.205931261182 0.978566467762
0.520139873028 -0.854081094265
-0.196069419384 0.980590045452
-0.763015568256 -0.646380126476
-0.878838300705 0.477119743824
-0.218106836081 0.975924909115
0.947688579559 0.319196403027
-0.484572023153 0.874751389027
-0.034569516778 -0.999402284622
0.670743346214 0.741689562798
-0.980146229267 0.198276013136
0.978789627552 0.204867824912
-0.550415158272 -0.834891080856
0.110528513789 0.99387294054
-0.518263757229 0.855220854282
-0.883168101311 0.469056606293
0.999554932117 -0.0298320539296
-0.749893128872 0.66155898571
-0.560314655304 -0.828279852867
-0.172877758741 0.984943270683
0.308647334576 0.951176524162
0.568318367004 0.822808742523
-0.778783679008 0.627292633057
-0.587496042252 0.809227049351
-0.456534594297 -0.889705657959
0.495509445667 0.868602573872
0.786883831024 0.61710113287
-0.141189292073 0.98998260498
0.924306631088 0.381650656462
0.819935023785 0.572456657887
-0.746610641479 0.665261268616
-0.681246817112 0.732053816319
0.0470936223865 -0.998890459538
-0.929962277412 -0.367655009031
-0.976418197155 0.215887799859
-0.148730531335 0.988877773285
-0.892268002033 0.451506137848
-0.924797177315 0.380460530519
0.216809734702 0.976213872433
0.965075492859 -0.261972010136
-0.337760716677 -0.941232025623
-0.992901802063 0.118937239051
0.512578129768 -0.858640611172
0.779955208302 0.625835299492
-0.982230186462 0.187680125237
-0.741877436638 -0.670535504818
-0.296600997448 0.955001473427
0.207257971168 -0.978286325932
-0.99957549572 0.0291341170669
0.869451642036 0.494018018246
-0.996868848801 -0.0790729001164
0.952000260353 -0.306097239256
0.883076786995 -0.469228535891
-0.589681565762 0.807635843754
-0.44926404953 -0.893399000168
0.212145507336 -0.977238059044
-0.780416786671 -0.625259697437
0.55533093214 -0.83162945509
0.91929513216 0.39356893301
-0.787924647331 -0.615771651268
0.344068348408 -0.938944578171
-0.861781716347 -0.507279217243
0.252797812223 -0.967519104481
0.939386188984 -0.342860817909
-0.15806761384 -0.987428307533
-0.112050332129 0.993702530861
-0.450866401196 -0.89259147644
-0.994767963886 0.102160401642
0.65959405899 0.751622021198
-0.216425359249 -0.976299166679
-0.945319771767 0.326144903898
-0.828009843826 -0.560713589191
0.669104516506 -0.743168354034
-0.397332847118 0.917674541473
0.912324786186 -0.409467279911
-0.031289704144 -0.999510347843
-0.96700155735 -0.254770547152
0.524254858494 -0.851561427116
0.16313791275 -0.98660326004
-0.435710728168 0.900086760521
-0.617364823818 0.786677002907
0.988118231297 -0.153695553541
-0.990856647491 0.134918823838
-0.359990686178 0.932955920696
0.922389924526 0.386260032654
0.946839928627 0.321705043316
