-0.0333057269454 0.999445199966
-0.623271167278 -0.782005786896
-0.39594835043 0.918272793293
0.999937236309 -0.0112024033442
-0.917174518108 -0.398485720158
0.24578641355 0.969323992729
0.646376132965 0.763018965721
0.99844366312 0.0557696074247
-0.44754871726 0.894259572029
-0.438326120377 0.898815989494
0.842431426048 -0.538803577423
0.934382736683 -0.356270879507
0.785928726196 -0.618317067623
0.998905956745 0.0467645265162
0.666284501553 0.745697617531
-0.898664116859 0.438637465239
-0.464296847582 -0.885679662228
-0.380600601435 -0.924739539623
0.164222151041 0.986423373222
0.174106985331 0.984726727009
0.733717799187 -0.67945432663
-0.910749554634 -0.412959098816
-0.602345645428 0.798235416412
0.76910674572 -0.639120340347
-0.563943386078 0.825813472271
-0.302028596401 -0.953298866749
0.66532433033 -0.746554434299
0.769583821297 -0.638545811176
-0.99129229784 -0.131679698825
-0.858235359192 0.513256311417
0.755469501019 -0.655183792114
0.796446442604 -0.604709088802
0.991436302662 -0.130590990186
0.987266302109 0.15907625854
0.991216301918 0.132250487804
-0.0482824295759 -0.998833715916
0.386308908463 -0.922369480133
-0.631586313248 -0.775305569172
-0.913195669651 0.407521396875
0.658117055893 -0.752915620804
0.0576175227761 0.998338758945
-0.52391409874 -0.851771116257
0.136179804802 0.990684151649
-0.999795198441 0.02023669146
0.761130213737 0.648599088192
0.455311447382 0.890332221985
0.965015232563 -0.262193828821
-0.98900616169 -0.147874459624
-0.999805033207 0.0197454094887
0.758962094784 0.651134848595
0.65125900507 -0.758855521679
-0.106158278883 0.994349241257
-0.984227895737 0.176905140281
0.883643448353 0.468160510063
-0.978567183018 -0.205927923322
0.0247319862247 -0.999694108963
0.996231019497 -0.0867394208908
-0.910324692726 0.413894802332
0.0264723487198 -0.999649524689
0.687982559204 0.725727200508
-0.114340543747 0.993441641331
0.985258579254 -0.171071663499
0.216510117054 -0.976280391216
-0.803540587425 0.59525001049
0.511006236076 -0.859577000141
0.362826883793 0.931856572628
-0.816300570965 0.577627360821
-0.288366526365 0.957520127296
0.795019567013 0.60658377409
-0.999715209007 -0.0238632839173
-0.985154509544 0.171670019627
0.99987590313 -0.0157553032041
0.942937016487 0.332971215248
-0.799441874027 0.600743472576
-0.425460517406 0.904976963997
0.301169872284 0.953570485115
-0.573615312576 0.819124817848
0.932076334953 -0.362261921167
0.999342858791 0.0362467654049
-0.575045645237 -0.818121314049
0.987804114819 0.15570178628
0.938537478447 -0.345177382231
0.190853342414 -0.981618583202
0.929120123386 -0.369778096676
0.999881148338 -0.0154172666371
0.993447899818 0.114285804331
-0.348175406456 0.937429428101
-0.677907049656 -0.73514765501
-0.948981583118 -0.315331429243
-0.0877988785505 -0.996138215065
0.502150118351 0.86478048563
-0.305532634258 -0.952181637287
0.0584664642811 -0.998289346695
0.852169632912 0.523265600204
-0.264019906521 0.964517235756
0.990944981575 -0.134268581867
0.990410029888 0.138159289956
-0.441064059734 0.897475600243
0.8883228302 -0.459219515324
-0.804455161095 -0.594013392925
0.00207902048714 -0.999997854233
-0.980755150318 -0.195241779089
-0.997789204121 0.066458709538
0.798250555992 -0.602325558662
0.399724066257 -0.916635513306
0.986304581165 0.164934322238
-0.999922990799 -0.0124080255628
0.93504846096 0.35451990366
0.856086015701 0.516833364964
-0.711979746819 -0.702199995518
0.678699433804 -0.734416127205
-0.0808062627912 -0.996729850769
-0.73171466589 -0.681611061096
-0.989872992039 -0.141955927014
0.998994767666 -0.0448270402849
0.986315608025 -0.16486826539
-0.999999403954 0.00110855873208
-0.0317209623754 0.999496757984
0.140688806772 0.990053892136
0.80410438776 -0.594488143921
-0.747690916061 0.664046883583
0.524884521961 -0.851173460484
-0.270818918943 0.962630331516
0.968127965927 -0.250456005335
-0.19120670855 -0.981549799442
-0.491475313902 -0.87089151144
0.226761490107 0.973950326443
0.744012057781 -0.668166160583
-0.636819720268 0.771012723446
-0.842931985855 0.538020133972
0.076750382781 0.997050344944
-0.980514705181 0.196445688605
0.763592839241 0.645698070526
-0.430660665035 0.902513921261
-0.43158146739 -0.902073979378
0.728439509869 -0.685110092163
-0.997650444508 -0.0685098394752
0.31031152606 0.950634896755
-0.991947591305 0.126649186015
0.666543066502 0.745466470718
0.821172654629 -0.570679843426
0.400414556265 -0.916334092617
0.417387187481 0.908728718758
-0.573839902878 0.818967521191
0.406603962183 0.91360449791
-0.458372861147 0.888759970665
0.745212972164 0.666826546192
-0.77196097374 -0.635669887066
0.671957015991 0.740590155125
0.235822483897 0.971796154976
-0.550840377808 0.834610581398
0.920157194138 -0.39154908061
0.98459392786 0.174856483936
-0.949351191521 -0.314216911793
0.479830145836 -0.877361416817
0.972389996052 0.233361691236
0.741741299629 0.670686066151
0.850547015667 -0.52589905262
0.985508620739 0.169625386596
-0.994105935097 -0.108412951231
0.168273866177 0.985740303993
-0.381137609482 -0.924518287182
0.80649548769 -0.591240286827
-0.999787032604 0.0206361990422
-0.887704908848 0.460412859917
0.775286376476 -0.631609857082
-0.888512134552 0.458853155375
-0.546527266502 -0.837441325188
-0.994062125683 0.108813799918
0.637474119663 0.770471811295
-0.0262797493488 -0.999654650688
0.141084462404 -0.989997565746
0.941083014011 -0.338175684214
0.713977515697 -0.700168609619
0.706289231777 -0.707923412323
-0.977488636971 -0.210987940431
-0.0641201287508 -0.997942209244
-0.261928915977 -0.965087175369
-0.879029095173 0.476768106222
-0.785986304283 0.618243873119
0.894504129887 -0.447059690952
-0.277963906527 0.960591495037
0.900326251984 0.435215651989
0.925629556179 -0.378430813551
-0.832811295986 -0.553556978703
0.80059325695 -0.599208176136
-0.253595530987 0.967310369015
0.945264399052 0.326305359602
-0.739526033401 -0.673127949238
0.91214799881 -0.409860938787
-0.687662422657 0.72603058815
0.653621017933 0.756821990013
-0.566294908524 0.824202716351
0.717679083347 -0.696373999119
0.685385346413 0.728180587292
-0.253938347101 0.967220425606
-0.990598738194 -0.136799454689
-0.511639773846 -0.859200060368
-0.0497123487294 0.998763561249
-0.486692726612 -0.873573243618
-0.989382743835 0.145333319902
0.392988085747 0.91954356432
-0.463310837746 -0.886195838451
-0.760406017303 0.649448037148
-0.997994840145 0.0632949024439
-0.502636492252 0.864497840405
-0.371976017952 -0.928242325783
0.254895359278 0.966968655586
0.719643712044 0.69434350729
0.765245437622 0.643738627434
-0.457241237164 -0.889342725277
-0.660846710205 0.750520884991
-0.445216238499 -0.895423054695
0.838370501995 0.545100867748
-0.479574233294 0.877501308918
0.875257074833 -0.483657985926
-0.997821092606 -0.0659773871303
-0.80691665411 0.590665280819
0.617771029472 0.786357998848
0.870707094669 -0.491801947355
0.611145436764 -0.791518330574
-0.836518585682 -0.547938585281
0.531086325645 0.847317695618
0.965804874897 0.259270071983
-0.0679336413741 -0.997689843178
0.500130414963 -0.865950107574
-0.0767500549555 -0.997050344944
0.299099326134 -0.954221963882
0.982779979706 0.18477961421
-0.968743681908 0.248063802719
-0.820372164249 0.571829974651
0.870420157909 0.492309629917
0.132208764553 -0.991221904755
0.783581376076 0.621289134026
0.467461287975 0.884013533592
0.288842767477 -0.957376539707
-0.996820271015 -0.0796825140715
-0.592947661877 0.805240988731
-0.861847877502 0.507166922092
0.988286197186 -0.152611777186
0.588434934616 -0.808544576168
-0.92025488615 0.391319453716
0.415901273489 -0.909409761429
-0.980082154274 -0.198592349887
0.498582005501 -0.866842567921
0.896691203117 0.442656636238
-0.325066328049 -0.945691227913
0.508015215397 0.861348092556
0.96196770668 -0.273163259029
0.913173317909 0.407571494579
-0.833705127239 0.552209854126
-0.16833999753 0.985728979111
0.103661909699 -0.994612574577
0.814450621605 -0.580232858658
0.263212919235 0.964737772942
0.86625880003 0.499595582485
0.937427461147 0.348180621862
-0.0238367263228 -0.999715864658
0.169559165835 0.985520005226
-0.932070672512 0.362276434898
0.892133116722 -0.451772600412
-0.714485764503 0.699649989605
-0.961629867554 -0.274350196123
-0.867643237114 0.497187256813
0.445566356182 -0.895248889923
0.967491328716 0.252904206514
-0.96312046051 0.269070625305
-0.998062551022 -0.0622188337147
0.188498333097 0.982073485851
0.534059584141 -0.845446825027
-0.999907314777 0.0136158149689
-0.908616483212 -0.417631477118
0.965073466301 -0.261979371309
-0.453855484724 0.891075313091
-0.804556250572 -0.593876421452
0.800103843212 -0.599861502647
-0.678664028645 -0.734448850155
0.512523531914 0.858673214912
-0.927882492542 0.37287274003
0.909290730953 0.416161447763
-0.828984498978 -0.559271633625
-0.864910900593 -0.501925349236
0.843552827835 -0.537046194077
-0.474621266127 0.880190134048
-0.302249103785 0.9532289505
0.0448181778193 -0.998995184898
-0.690545678139 0.72328877449
0.587857961655 -0.808964133263
-0.934243857861 -0.356634885073
-0.655894339085 0.754852712154
-0.152048289776 -0.988373041153
0.983942329884 0.178486540914
-0.634580492973 0.772856771946
0.192590996623 -0.98127913475
-0.396431028843 0.918064534664
0.62610065937 -0.779742240906
0.621887862682 -0.783106267452
0.661338210106 -0.750087857246
0.153933867812 0.988081157207
0.827894866467 0.56088334322
-0.666927218437 -0.745122909546
0.642078638077 0.766638755798
0.639374554157 -0.76889538765
-0.985145568848 -0.17172139883
0.999987542629 -0.00499610416591
-0.265668213367 0.964064538479
-0.858354568481 0.513056993484
-0.802881121635 0.596139132977
0.245029464364 0.969515621662
0.966776669025 0.255622416735
0.838529467583 0.544856309891
-0.973142206669 -0.230204880238
-0.104545406997 -0.994520127773
-0.497056752443 0.867718040943
0.723109722137 -0.690733194351
-0.917483866215 -0.397772938013
-0.202354967594 -0.979312241077
0.484822541475 -0.874612510204
-0.724882423878 0.688872635365
-0.338660359383 0.940908670425
0.468250602484 0.883595705032
0.851336419582 0.524620115757
0.852503180504 0.522722065449
0.163124099374 0.986605584621
-0.496702581644 -0.867920815945
-0.841507971287 -0.540244758129
0.05019082129 -0.998739659786
0.846694111824 0.532079935074
-0.994582176208 -0.103953182697
0.914063990116 -0.405570030212
0.999854922295 -0.0170325785875
-0.951685488224 0.307074517012
-0.741240620613 0.671239376068
-0.972380518913 -0.233401268721
-0.872541189194 -0.488540589809
-0.185244604945 -0.982692420483
0.0608719289303 0.998145580292
-0.0181788802147 -0.999834775925
0.767073810101 -0.64155882597
-0.899989306927 -0.435911953449
-0.415534794331 -0.909577310085
0.528305411339 -0.849054396152
-0.213922679424 0.976850569248
0.88881278038 0.458270519972
-0.710215806961 -0.703984022141
-0.975063502789 0.2219260782
0.128745034337 0.991677701473
-0.992741167545 -0.1202705428
-0.90855628252 -0.417762517929
-0.437259495258 0.899335384369
-0.874327719212 0.485335975885
0.752284228802 0.658838748932
-0.282717347145 -0.959203243256
-0.746162712574 0.665763616562
0.079092733562 0.996867239475
0.73115670681 -0.682209551334
-0.404093235731 0.914717793465
0.612140238285 -0.790749192238
-0.803026676178 0.5959430933
0.415031641722 -0.909806966782
0.627290248871 0.778785586357
0.682213962078 0.73115259409
-0.145616218448 -0.989341139793
0.687341034412 0.726334869862
-0.919525921345 -0.393029421568
-0.903658151627 0.428254544735
-0.648720264435 -0.761026978493
-0.649969160557 -0.759960591793
0.128482878208 -0.991711735725
-0.917899668217 0.396812498569
0.971713542938 0.236162677407
0.00751489493996 -0.999971747398
-0.389014035463 0.921231806278
0.0452982857823 0.998973488808
0.961795926094 0.273767501116
-0.255043119192 0.966929674149
0.422845482826 -0.906201779842
0.609345972538 0.792904436588
0.697689712048 0.716400027275
0.0672515034676 0.997736036777
0.941639840603 -0.33662211895
-0.316320389509 0.948652386665
0.974571049213 0.224078640342
0.995524406433 0.0945044979453
0.894158363342 0.447750866413
0.703877449036 0.710321426392
0.693244695663 0.720702290535
0.40232732892 0.915495872498
-0.615252971649 -0.788329720497
-0.537156701088 0.843482494354
-0.971729338169 -0.236097514629
-0.771285533905 -0.636489272118
-0.981093883514 0.19353248179
0.952919661999 -0.303222805262
0.959021270275 -0.283334136009
0.898645937443 -0.438674658537
0.61668419838 -0.787210643291
0.843615472317 0.536947786808
-0.620120048523 -0.784506917
0.74050617218 -0.672049582005
0.715502619743 -0.698610067368
-0.914157807827 -0.405358433723
0.0397944375873 -0.999207913876
-0.999131381512 -0.0416712164879
-0.581989765167 -0.813196122646
0.450778275728 0.892635941505
0.75045144558 -0.66092556715
-0.504637956619 0.863331079483
0.852036833763 0.523481786251
-0.378817617893 0.925471365452
-0.323241144419 0.946316599846
0.614003121853 -0.789303600788
0.645056903362 0.764134526253
0.413672477007 0.910425782204
-0.327203899622 0.944953739643
0.400228023529 0.916415572166
0.0657927617431 0.997833311558
0.989303350449 -0.145872682333
-0.819768726826 -0.572694659233
-0.998970746994 0.0453587397933
-0.241578429937 0.970381319523
-0.440815240145 -0.897597849369
0.0400479137897 -0.999197781086
0.84802120924 0.529962301254
0.300688654184 0.95372235775
0.27799513936 -0.960582494736
-0.342825084925 0.939399242401
0.500304102898 0.865849792957
0.387079358101 -0.922046422958
0.192673295736 0.981262981892
0.51016920805 0.860074043274
0.63981038332 0.768532812595
-0.522919893265 -0.852381825447
-0.970805048943 -0.239869758487
0.31090170145 -0.950442075729
0.460087776184 0.887873411179
0.976856172085 -0.213897079229
-0.646779596806 -0.762676954269
-0.707708120346 -0.706504940987
0.999997258186 0.0023472965695
0.909416019917 -0.415887653828
0.717255592346 0.696810126305
0.784424841404 -0.620223879814
-0.509349524975 0.86055970192
-0.819792449474 0.57266074419
0.692984700203 0.72095233202
-0.841010391712 -0.54101896286
-0.153479263186 0.988151848316
-0.292675584555 -0.956211805344
-0.723193824291 0.690645158291
-0.885511159897 -0.464618086815
0.541236639023 -0.840870320797
-0.991721451283 0.128407597542
0.909238994122 -0.416274428368
-0.92326182127 -0.384171307087
-0.951022088528 0.309122920036
-0.222113341093 0.975020825863
0.839328885078 -0.54362398386
-0.483539313078 0.875322639942
-0.946054160595 0.324008584023
-0.785187244415 -0.619258403778
-0.573842287064 -0.818965852261
0.982596874237 -0.185750961304
0.989894807339 0.141803696752
0.924057304859 0.382253915071
0.428592801094 0.903497755527
0.416879326105 -0.908961832523
-0.0730192959309 -0.997330546379
-0.946132183075 -0.323780715466
-0.995597243309 0.0937341749668
0.318101227283 0.94805675745
-0.619696140289 -0.784841835499
0.49478289485 0.869016587734
-0.118173770607 0.992992937565
0.967150211334 0.254205524921
-0.908585608006 0.417698681355
0.420913875103 -0.907100617886
0.766860544682 -0.641813755035
0.935096561909 -0.354393064976
-0.765459895134 0.643483579159
-0.590668797493 -0.80691409111
0.874359130859 -0.485279411077
-0.0168867874891 0.99985742569
0.948090732098 -0.317999958992
-0.97391551733 0.226910874248
-0.999769151211 -0.0214871000499
-0.503034234047 0.864266455173
-0.999902009964 0.0140001093969
-0.751708984375 -0.659494996071
0.400747478008 -0.916188538074
0.182394459844 0.983225464821
-0.167437180877 -0.985882759094
0.999790370464 0.0204745288938
-0.459070295095 0.888399958611
-0.978869140148 -0.204487711191
0.419158011675 0.907913327217
0.765246748924 0.643737077713
0.0549746789038 0.998487770557
-0.665856182575 -0.746080160141
0.980709850788 -0.195469036698
