-0.243388488889 0.969928860664
0.482692033052 0.875790178776
0.647086560726 0.762416541576
0.967424213886 0.253160774708
0.999943137169 -0.0106631321833
-0.936203181744 -0.351459205151
-0.295635670424 0.955300748348
0.993102192879 0.117252215743
0.369520843029 -0.929222464561
-0.79622143507 0.605005323887
-0.201449364424 0.979498922825
-0.818376064301 -0.574683070183
0.464803576469 -0.885413825512
0.601439237595 -0.798918545246
0.735494554043 0.67753058672
-0.0441146157682 0.999026477337
0.942059516907 0.335445702076
0.906690239906 -0.421797186136
0.971074998379 -0.23877479136
-0.484072029591 0.875028133392
-0.933619320393 -0.358266592026
0.540775477886 0.841166973114
0.957601666451 0.288095593452
0.524647057056 -0.851319849491
0.701323270798 0.712843358517
0.628844082355 -0.777531445026
0.938231170177 0.346009135246
-0.805789887905 0.592201530933
0.560989916325 0.827822625637
0.969982683659 -0.243174031377
-0.988025665283 0.154289528728
-0.967780292034 0.251796215773
0.268192529678 -0.963365316391
0.320524334908 -0.947240293026
0.728920221329 -0.684598624706
-0.237325981259 0.971430063248
0.374353885651 -0.927285909653
0.842493057251 0.538707256317
0.774586319923 -0.632468223572
-0.0148872481659 -0.999889194965
0.0259175002575 -0.999664068222
0.999994874001 0.00321051874198
-0.43386927247 -0.900975823402
0.773576498032 -0.633702933788
0.994786560535 0.101979099214
0.843589484692 0.536988675594
0.545722424984 -0.837966024876
-0.642966389656 0.76589435339
-0.829735219479 -0.558157205582
-0.0639495924115 0.997953116894
0.843655288219 0.536885261536
0.937303483486 -0.348514229059
-0.279356539249 0.96018743515
0.934681296349 0.35548684001
0.978987216949 -0.203921705484
-0.0732582062483 0.997313022614
-0.470281481743 -0.882516503334
-0.249659448862 0.968333721161
0.117968775332 0.993017315865
0.996848225594 0.0793322697282
0.681584715843 -0.731739223003
0.511497974396 0.859284460545
0.695335745811 0.718685090542
0.99347859621 -0.114018671215
-0.729476809502 0.684005498886
0.532618403435 -0.846355497837
-0.412726223469 -0.91085511446
-0.382256656885 -0.924056172371
0.498947352171 -0.866632282734
0.175359085202 -0.984504520893
0.400660902262 0.916226387024
-0.327857583761 -0.944727182388
-0.228308543563 -0.973588824272
0.182690694928 -0.983170449734
0.0283587854356 0.999597787857
-0.588182866573 0.80872797966
0.999424517155 -0.0339212343097
-0.629949510098 0.776636064053
0.769053339958 0.639184594154
-0.951387226582 -0.307997316122
0.996992766857 0.0774942860007
-0.990512013435 0.137426063418
0.449408650398 0.893326282501
0.916059613228 -0.401042163372
-0.934913873672 0.354874670506
0.984215915203 0.176971748471
0.829538106918 -0.558450102806
0.971446335316 0.237259298563
-0.316893458366 0.94846111536
0.404262274504 0.914643108845
-0.576929092407 -0.816794216633
0.831837713718 0.555018901825
0.566298186779 0.824200391769
-0.965907216072 0.258888453245
0.324364602566 -0.945932149887
0.703431785107 -0.710762798786
0.854263901711 -0.519839525223
0.187599956989 0.982245504856
0.229197502136 -0.973379909992
0.787140488625 -0.616773724556
0.992865681648 0.119238302112
0.368926644325 0.929458498955
-0.877957880497 -0.478737920523
0.442170262337 -0.896931111813
0.970808267593 -0.239856779575
0.940471112728 0.339873671532
-0.184742197394 0.982787013054
-0.521953999996 0.852973639965
0.224187836051 0.974545955658
0.473680317402 -0.880696892738
-0.0701099634171 -0.997539281845
0.921753942966 0.387775301933
-0.921626806259 0.388077288866
-0.355092287064 -0.934831261635
0.99975001812 0.0223590750247
-0.572047710419 -0.820220351219
0.99694532156 -0.0781029015779
0.384799778461 0.923000097275
-0.962883591652 -0.269917100668
-0.281091451645 0.959680974483
0.989139020443 0.146982878447
0.302214235067 0.953240036964
0.536687552929 0.84378105402
0.900108098984 -0.435666650534
-0.95029604435 -0.311347693205
0.324339061975 0.94594091177
0.65724670887 -0.75367552042
-0.105625629425 -0.994405984879
0.0604085214436 -0.998173713684
0.999696791172 -0.0246235914528
0.926951110363 -0.375182181597
0.986115932465 -0.166058495641
-0.606558918953 0.79503852129
0.986709356308 0.162494912744
-0.975591063499 0.219595372677
0.993639469147 0.112607948482
-0.465610325336 0.884989857674
-0.995514750481 0.0946064740419
0.503281772137 -0.864122390747
-0.393193542957 -0.919455707073
-0.884161293507 0.467181742191
0.796231269836 -0.604992330074
0.58316975832 0.812350332737
0.998387515545 0.0567660741508
0.186813279986 0.982395410538
-0.737914562225 -0.674894094467
0.985821068287 -0.167799919844
0.120941452682 -0.992659628391
0.397646278143 0.917538762093
0.998718380928 0.0506118312478
-0.97049164772 -0.241134703159
0.816246747971 0.577703416348
0.95709335804 -0.289779692888
-0.682355582714 -0.731020450592
-0.996608436108 0.0822899118066
0.662110090256 -0.749406635761
0.987255811691 -0.159141346812
-0.416807949543 0.908994555473
0.845216631889 0.53442388773
-0.835295081139 0.549801886082
0.83905684948 -0.544043779373
-0.969882965088 -0.243571341038
0.410699337721 0.911770820618
-0.76777112484 0.640724182129
0.260417342186 -0.965496122837
-0.362378120422 0.932031154633
-0.338766813278 0.940870344639
0.0823645666242 0.996602237225
-0.155065208673 0.987904250622
-0.659376978874 -0.751812458038
0.959055125713 0.283219397068
-0.677643895149 -0.73539018631
0.574894785881 0.818227350712
0.838956952095 0.544197797775
0.159281417727 0.987233221531
0.995727777481 0.0923376604915
0.992922604084 0.118762977421
-0.502805769444 -0.864399433136
-0.300902396441 -0.953654944897
0.961241662502 -0.275707185268
-0.171065717936 -0.985259592533
0.236501187086 0.971631228924
-0.051531355828 -0.998671352863
0.466171354055 -0.884694457054
0.555935263634 0.831225574017
0.891516208649 -0.452988833189
0.912087023258 -0.409996628761
-0.517628490925 -0.855605483055
-0.995651364326 -0.0931577682495
0.564641594887 0.82533621788
-0.378160834312 -0.925739884377
0.885231912136 0.465149968863
-0.510487377644 0.859885215759
0.504044294357 -0.863677799702
-0.60447371006 -0.796625077724
0.942219555378 0.334995985031
0.880546271801 -0.473960220814
-0.978000044823 0.208604648709
-0.874914944172 0.484276652336
0.997882068157 0.0650492608547
-0.47191926837 0.881641745567
-0.013114541769 -0.999913990498
-0.978520989418 0.206147283316
0.348207056522 0.937417626381
0.963251471519 -0.268601149321
0.992339491844 0.123540773988
-0.496181994677 0.868218541145
-0.667443573475 0.744660377502
0.955190658569 -0.29599121213
0.0197559967637 -0.999804854393
-0.888894319534 -0.458112359047
-0.331811726093 -0.943345606327
-0.971692800522 -0.236247867346
0.101538851857 -0.994831562042
-0.90305608511 0.429522693157
0.996445655823 -0.0842380672693
0.926009476185 -0.377500206232
0.983988761902 0.178230389953
0.390219837427 -0.920721709728
-0.0488363355398 -0.998806774616
-0.98291015625 0.184085831046
-0.197386607528 -0.980325698853
0.526469707489 -0.850193858147
0.908948659897 0.416908055544
-0.200222298503 -0.97975051403
-0.528132498264 -0.849161982536
-0.506385028362 0.862307488918
0.884669482708 0.466218799353
-0.926209867001 0.377008348703
-0.822915375233 0.568163990974
-0.219939261675 0.975513577461
-0.286527574062 0.958072006702
0.999611079693 0.0278871823102
0.950184881687 -0.311686843634
0.11405338347 0.993474602699
-0.93025046587 -0.366925209761
-0.164599403739 -0.986360490322
-0.695320904255 -0.718699395657
0.712644100189 -0.701525747776
0.999719440937 -0.023687357083
-0.588311672211 0.808634281158
-0.615743041039 -0.787946999073
0.682650029659 0.730745434761
0.989486634731 0.144624426961
-0.959860563278 0.280477613211
-0.710253536701 -0.703945934772
0.334063053131 -0.942550718784
-0.25425028801 -0.967138469219
0.808764576912 0.588132560253
0.560018420219 -0.828480124474
0.989123821259 -0.147085398436
-0.981780171394 0.190020248294
-0.920742869377 0.390169918537
0.907663464546 -0.419698745012
0.564776599407 -0.825243830681
0.453460365534 -0.891276419163
-0.881056904793 0.473010271788
-0.999465167522 0.0327022485435
-0.994165301323 -0.107867330313
0.682146966457 -0.731215119362
0.631969630718 -0.774993181229
-0.918063402176 -0.396433591843
0.0463572368026 -0.998924911022
0.454473733902 0.89076012373
-0.50024574995 0.865883469582
-0.318331480026 -0.947979450226
0.266338318586 0.963879585266
0.869811713696 0.493383824825
-0.934837460518 0.355075925589
-0.507519245148 0.861640393734
0.930698096752 -0.365788251162
-0.158861398697 -0.987300872803
0.848118066788 -0.529807269573
-0.312316775322 0.949977993965
-0.98213404417 -0.188182592392
-0.484469264746 -0.874808311462
0.364773243666 -0.931096374989
-0.692408204079 0.721505999565
0.991607487202 -0.129285141826
0.0803904086351 -0.996763467789
0.827737212181 0.561115920544
-0.946993410587 0.321252942085
0.987808585167 -0.155673220754
-0.72069633007 -0.693250894547
0.60840934515 0.793623387814
0.255946487188 0.966690957546
0.892583370209 -0.450882434845
0.118246488273 0.992984294891
0.148187279701 -0.988959312439
0.864439666271 0.502736568451
0.571611225605 0.820524573326
-0.0935725420713 0.995612442493
-0.934795439243 0.355186492205
0.998725473881 -0.050471611321
-0.914796352386 0.403915345669
0.849389672279 0.527766227722
0.891998112202 0.452039122581
-0.864395558834 -0.502812445164
0.280229628086 -0.959932982922
0.672651529312 -0.739959418774
0.693368911743 -0.720582783222
-0.560623884201 -0.828070580959
0.738392293453 0.674371480942
0.612808585167 -0.790231406689
0.982256412506 0.187542840838
0.998224318027 -0.0595668032765
-0.736770570278 -0.676142811775
-0.18609033525 -0.98253262043
0.78818321228 0.615440666676
0.629493057728 0.777006089687
-0.0855276957154 -0.996335804462
-0.125451534986 -0.992099761963
0.951019287109 0.309131473303
-0.944661319256 -0.328047305346
-0.295554697514 0.955325841904
-0.281947016716 -0.959429979324
-0.768146634102 -0.640273928642
0.999974608421 0.00712865032256
0.891166567802 0.45367628336
0.901181876659 -0.433441191912
0.712424635887 -0.701748609543
-0.98160815239 -0.190906777978
0.974181592464 0.22576585412
-0.728124201298 -0.685445249081
0.063437230885 0.997985839844
0.949858725071 -0.312679380178
-0.663827478886 -0.747885704041
0.677111566067 0.735880374908
0.933076918125 -0.35967695713
-0.97256976366 0.232611387968
-0.974168598652 0.225821942091
0.267299413681 -0.963613510132
-0.55036854744 -0.834921836853
0.202770873904 0.979226231575
-0.998661518097 0.0517217628658
0.354809612036 0.934938549995
-0.380957245827 0.924592673779
-0.681259036064 0.732042431831
0.64179122448 -0.766879439354
-0.12049600482 -0.992713809013
-0.818247914314 0.57486552
0.162621811032 -0.986688494682
0.939449965954 -0.342686116695
-0.999720036983 0.0236602723598
-0.64258402586 -0.766215264797
-0.86864978075 -0.495426625013
0.933309435844 -0.359073102474
0.572199821472 -0.820114254951
-0.60548633337 -0.79585570097
0.0912316441536 -0.995829701424
0.326131254435 -0.945324480534
-0.739716529846 -0.672918617725
0.250995337963 -0.967988312244
0.486355662346 0.873760938644
-0.405895292759 -0.913919568062
-0.989557623863 -0.144137665629
0.920265853405 -0.39129370451
-0.251067787409 -0.967969536781
-0.940689980984 0.33926731348
0.50509095192 0.863066136837
0.817858815193 0.575418949127
0.579657435417 0.814860284328
0.942400813103 -0.334485769272
0.985393822193 0.170290842652
-0.992689967155 0.120692141354
-0.64745426178 0.762104272842
0.998952507973 -0.0457587763667
0.981773138046 -0.190056443214
-0.743006944656 0.669283688068
0.994091153145 -0.108548261225
0.639523804188 -0.768771290779
0.928532660007 0.371250778437
0.198508858681 -0.980099081993
0.0828657895327 0.996560692787
0.132550552487 0.991176247597
0.997966945171 -0.0637340471148
0.292696416378 0.956205427647
0.994223535061 -0.107329003513
0.0759213194251 0.997113823891
0.94841593504 -0.317028701305
-0.57035022974 -0.821401655674
0.390850126743 0.920454323292
0.760141909122 0.649757087231
-0.77869617939 -0.627401173115
0.983635663986 -0.18016910553
-0.333856731653 -0.942623853683
-0.985377311707 0.170386493206
0.000624668551609 -0.999999821186
0.925318002701 -0.379192054272
-0.846358001232 -0.532614409924
0.997833669186 0.0657873526216
0.407034337521 0.913412868977
0.825670540333 -0.564152598381
-0.683860957623 0.729612350464
-0.369768500328 -0.929123938084
0.305702894926 -0.952126979828
-0.97795933485 0.208795383573
0.998353779316 -0.0573556832969
0.999590873718 0.0286026112735
0.987836718559 0.155494585633
0.948600649834 -0.316475570202
0.990198194981 0.139669209719
0.740315198898 0.672259867191
-0.961314499378 0.275453090668
0.92435336113 0.381537437439
-0.107340835035 0.994222283363
0.774224877357 -0.632910609245
0.476128101349 0.879375934601
0.717829525471 0.696218907833
0.271030247211 -0.962570846081
0.898499906063 -0.438973724842
0.892820358276 0.450412899256
-0.622641503811 -0.782507240772
-0.551303803921 -0.834304571152
-0.108316622674 -0.994116425514
-0.718638002872 -0.695384383202
0.954599678516 -0.297891765833
-0.95354372263 -0.301254689693
0.981706500053 0.190400525928
-0.987852931023 0.155391871929
-0.199777513742 -0.979841291904
0.0882143378258 0.996101498604
0.875872850418 0.482542008162
0.882337510586 -0.470617115498
0.872732818127 -0.488198101521
0.908148944378 -0.418647170067
-0.929467499256 -0.368904054165
-0.879458546638 0.475975513458
0.500742197037 -0.865596473217
-0.506466329098 -0.862259745598
0.180314511061 0.98360902071
0.139206632972 0.990263342857
0.796486139297 0.604656755924
-0.483472555876 0.875359535217
0.963149785995 0.268965631723
0.736669182777 -0.676253259182
0.103037282825 -0.994677484035
-0.322711914778 0.946497261524
0.888122320175 0.459607154131
-0.132219791412 0.991220414639
-0.933659613132 0.358161598444
-0.974323570728 0.225152283907
-0.996311068535 0.0858150422573
0.810300111771 0.586015164852
-0.994110822678 -0.10836815834
0.999770343304 -0.0214310605079
-0.812714457512 -0.58266222477
0.572184562683 -0.820124864578
-0.17897361517 0.983853876591
-0.971992313862 -0.23501265049
0.681734025478 -0.731600105762
-0.144067257643 -0.989567875862
-0.818574905396 0.574399769306
0.519751667976 0.854317367077
0.311905384064 -0.950113177299
-0.1301779598 -0.991490662098
0.644988179207 0.764192581177
0.38708281517 0.922044932842
0.232448473573 -0.972608685493
-0.939303636551 -0.343087047338
0.300653219223 -0.953733503819
0.96193343401 -0.27328389883
0.0173088125885 -0.999850213528
0.55470854044 0.83204472065
0.773747801781 -0.633493721485
-0.565095305443 -0.825025677681
0.162545770407 0.986701011658
-0.7790979743 -0.626902163029
-0.513676941395 0.857983708382
-0.679685652256 -0.733503520489
0.351716756821 0.936106443405
-0.199039071798 0.979991555214
-0.0784477069974 -0.996918201447
0.874534964561 -0.484962522984
-0.313899457455 -0.949456214905
-0.784492075443 -0.620138823986
-0.821355223656 -0.570417046547
-0.891757428646 0.45251378417
-0.85953772068 -0.511072337627
0.104451477528 0.99452996254
-0.337761163712 -0.941231846809
-0.158642008901 -0.987336158752
-0.163093134761 0.986610651016
0.818615853786 0.574341416359
-0.750704944134 -0.660637676716
-0.973001003265 -0.230800881982
0.0604304149747 -0.998172402382
-0.448398202658 -0.893833875656
-0.999994874001 -0.00320180505514
-0.20745433867 -0.978244721889
0.493365168571 0.869822263718
-0.0624159984291 -0.99805021286
-0.122931092978 -0.992415189743
0.969585955143 0.244751051068
-0.993959128857 0.109750621021
0.988619267941 0.15043900907
0.756825685501 0.653616786003
0.573917269707 0.818913280964
0.908732414246 -0.417379260063
-0.971411168575 -0.237403273582
